   9.4486092e-01   3.2747189e-01
  -7.1171151e-02   9.9746412e-01
  -2.0025593e-01   9.7974362e-01
   9.5004158e-01   3.1212336e-01
   1.6203811e-01  -9.8678450e-01
  -9.9188058e-01  -1.2717280e-01
  -8.5742984e-01  -5.1460089e-01
  -3.6039276e-01  -9.3280066e-01
   9.9997832e-01   6.5851811e-03
   8.2731190e-01  -5.6174284e-01
  -4.6918074e-01  -8.8310217e-01
   5.3665025e-01  -8.4380478e-01
  -2.6351585e-01  -9.6465507e-01
   9.0475389e-01   4.2593473e-01
   6.2644154e-01  -7.7946840e-01
  -4.0221196e-01   9.1554658e-01
  -9.9989450e-01   1.4525385e-02
  -2.6721039e-01  -9.6363822e-01
  -8.9689827e-01  -4.4223692e-01
   8.5008343e-01   5.2664804e-01
   2.5905821e-02  -9.9966439e-01
  -7.8430401e-01   6.2037667e-01
   6.6636977e-01   7.4562144e-01
  -7.6613288e-01   6.4268220e-01
   9.8751194e-01   1.5754419e-01
  -1.5944752e-01   9.8720641e-01
   9.6502359e-01  -2.6216307e-01
  -5.3350897e-01  -8.4579440e-01
   9.8786620e-01  -1.5530733e-01
   9.4809154e-01  -3.1799752e-01
  -9.5888033e-01  -2.8381070e-01
   4.8709946e-01   8.7334650e-01
  -5.9565406e-01  -8.0324108e-01
   4.5570914e-01   8.9012875e-01
  -4.5001994e-01   8.9301851e-01
   3.1483893e-01   9.4914511e-01
   8.2224257e-01  -5.6913720e-01
   6.6260218e-01   7.4897153e-01
  -9.0782729e-01  -4.1934425e-01
   2.0444306e-01   9.7887846e-01
  -5.8983297e-01   8.0752527e-01
   6.8048608e-01  -7.3276101e-01
   8.3539880e-01  -5.4964429e-01
   3.6405482e-01   9.3137752e-01
  -9.6576883e-01  -2.5940425e-01
   9.5175343e-01  -3.0686381e-01
   1.9661257e-01   9.8048126e-01
  -2.1745724e-02  -9.9976353e-01
  -5.4292508e-01  -8.3978113e-01
   7.9616865e-01   6.0507477e-01
  -5.1335405e-01  -8.5817691e-01
   1.7787958e-01   9.8405226e-01
  -1.0505800e-01   9.9446610e-01
  -7.8010451e-01   6.2564923e-01
   2.5927657e-01   9.6580312e-01
  -2.7177352e-01   9.6236124e-01
   9.9991603e-01  -1.2958644e-02
  -8.8938630e-02   9.9603711e-01
  -7.3682622e-01   6.7608219e-01
   9.8872343e-01  -1.4975308e-01
   9.2146815e-01   3.8845392e-01
  -8.5156696e-01   5.2424586e-01
   1.4426906e-01   9.8953850e-01
   6.2187493e-01  -7.8311657e-01
   1.1637793e-01   9.9320500e-01
  -8.1259072e-01   5.8283474e-01
  -9.9434362e-01   1.0621095e-01
  -7.5591905e-01   6.5466510e-01
  -2.0540786e-01   9.7867646e-01
  -9.8821192e-01   1.5309211e-01
  -9.2008621e-01  -3.9171592e-01
   9.8822314e-01  -1.5301970e-01
  -9.9296642e-01   1.1839635e-01
  -8.8223707e-01  -4.7080542e-01
  -1.1014489e-01  -9.9391554e-01
   8.5610693e-01  -5.1679873e-01
  -9.9213062e-01  -1.2520719e-01
   9.3172215e-01   3.6317192e-01
  -9.3201361e-02   9.9564728e-01
   9.9991131e-01  -1.3317842e-02
  -3.9452517e-01  -9.1888514e-01
  -9.3973043e-01   3.4191624e-01
  -9.2048943e-01   3.9076745e-01
  -8.9226691e-01  -4.5150831e-01
   9.8410126e-01   1.7760833e-01
   9.0065491e-01   4.3453508e-01
   8.8833837e-01  -4.5918944e-01
   7.1532614e-01   6.9879075e-01
   4.6326467e-01   8.8621997e-01
  -5.7420655e-01   8.1871048e-01
   1.2937417e-02  -9.9991631e-01
  -8.8327279e-01  -4.6885944e-01
  -8.1460552e-01  -5.8001538e-01
  -9.9999325e-01   3.6742663e-03
   9.8194854e-01  -1.8914827e-01
  -3.3169931e-01   9.4338516e-01
   9.5382295e-01   3.0036941e-01
  -1.9532673e-01   9.8073823e-01
  -2.8534380e-01   9.5842523e-01
  -9.0878887e-01   4.1725626e-01
  -1.6138470e-01  -9.8689157e-01
   8.3810904e-01  -5.4550274e-01
   9.9987313e-01   1.5928627e-02
  -9.9458263e-01  -1.0394899e-01
