  -6.3241305e-01   4.8995278e-01
   3.0194043e-01  -7.4083195e-01
   6.4663606e-01  -4.7102209e-01
  -5.0888865e-02  -7.9837981e-01
   6.8871234e-01  -4.0703233e-01
   4.4080064e-01  -6.6760377e-01
  -7.0752130e-01   3.7338132e-01
  -7.7531564e-01  -1.9719448e-01
  -3.9297069e-01  -6.9683142e-01
  -6.7580628e-01  -4.2811899e-01
  -6.8462606e-01   4.1386852e-01
  -3.3944071e-02   7.9927955e-01
  -6.1533905e-01   5.1123171e-01
   7.7522619e-01  -1.9754584e-01
  -4.3944801e-01   6.6849491e-01
   6.4732625e-01  -4.7007311e-01
  -7.9855402e-01  -4.8077805e-02
  -7.4827772e-01   2.8298489e-01
  -4.6973821e-01   6.4756931e-01
   1.8377520e-01  -7.7860560e-01
   2.4812602e-02   7.9961512e-01
  -3.5542139e-01  -7.1671168e-01
             NaN             NaN
   7.4558287e-01   2.9001066e-01
  -6.1126583e-01  -5.1609503e-01
  -3.6034692e-01   7.1424793e-01
   3.6147467e-01   7.1367784e-01
   4.3918564e-01  -6.6866731e-01
   7.0718843e-01  -3.7401140e-01
  -5.8066016e-01   5.5030335e-01
  -7.2635042e-01  -3.3528356e-01
  -5.9331278e-01  -5.3663763e-01
   7.6999311e-01   2.1704979e-01
   6.5060190e-01  -4.6552891e-01
  -7.9312862e-01   1.0462788e-01
   7.1123853e-01  -3.6625095e-01
   5.3258557e-01   5.9695277e-01
  -3.0837773e-01   7.3817557e-01
   7.9978570e-01  -1.8515638e-02
  -7.7062744e-01   2.1478677e-01
   2.6322795e-02  -7.9956683e-01
   7.4955452e-01   2.7958545e-01
   2.8440679e-01  -7.4773844e-01
  -3.9053174e-01   6.9820123e-01
  -4.8914982e-01   6.3303432e-01
   3.2885262e-01   7.2928455e-01
  -7.8273056e-01   1.6532655e-01
  -7.7706480e-01   1.9018491e-01
   4.3627366e-01   6.7057087e-01
   6.5785261e-01   4.5522516e-01
   7.1754367e-01  -3.5373872e-01
   1.4778658e-01  -7.8623096e-01
   1.5925294e-01   7.8398884e-01
   4.5170694e-01  -6.6027331e-01
   7.5922352e-01  -2.5215006e-01
   3.2946273e-01  -7.2900913e-01
   7.7479661e-01   1.9922402e-01
             NaN             NaN
   2.1653743e-01   7.7013735e-01
   7.7880323e-01  -1.8293586e-01
  -3.9070365e-01   6.9810505e-01
  -1.1016761e-01  -7.9237813e-01
  -7.9995006e-01  -8.9390975e-03
   5.5623184e-01   5.7498360e-01
   7.1273613e-01   3.6332796e-01
  -1.4401743e-01  -7.8693010e-01
   6.0652677e-01  -5.2165629e-01
   4.5550900e-01   6.5765610e-01
  -7.1618541e-01   3.5648066e-01
  -6.4985277e-01   4.6657408e-01
   7.7572195e-01   1.9559003e-01
   7.1251694e-01  -3.6375762e-01
  -7.3646420e-01   3.1244277e-01
  -7.7318777e-01   2.0537935e-01
   5.6184653e-01   5.6949844e-01
   8.1057855e-03   7.9995893e-01
   6.0482588e-01   5.2362740e-01
   1.0681330e-01   7.9283726e-01
  -5.6658869e-01   5.6478071e-01
   7.2748863e-01  -3.3280670e-01
  -6.5076762e-01  -4.6529722e-01
   3.2954615e-02  -7.9932096e-01
  -4.4051852e-01  -6.6778996e-01
  -3.0585419e-01  -7.3922474e-01
  -3.6638158e-01  -7.1117125e-01
  -6.0396050e-01  -5.2462531e-01
  -7.6124308e-01  -2.4598572e-01
   5.2367420e-01   6.0478536e-01
   9.6709319e-02   7.9413305e-01
   5.8629889e-01   5.4429185e-01
   7.9271469e-01  -1.0771915e-01
  -5.5691886e-01   5.7431819e-01
  -7.3975195e-01  -3.0457684e-01
  -2.8141181e-01  -7.4887075e-01
   6.9064593e-02   7.9701323e-01
   4.4864000e-01  -6.6236104e-01
  -5.9405517e-01   5.3581570e-01
  -7.8671212e-01  -1.4520344e-01
  -7.9994483e-01  -9.3950261e-03
  -4.2986916e-01   6.7469438e-01
   4.3786916e-01   6.6953013e-01
  -7.9769607e-01  -6.0671144e-02
   7.9002917e-01  -1.2591230e-01
  -2.3635302e-01  -7.6428872e-01
