  -7.5064597e+01
   8.9606622e+01
  -4.8493067e+01
  -2.4815314e+01
  -7.0523079e+01
  -5.3279557e+01
  -5.2866533e+01
  -5.8488153e+01
  -2.5126156e+01
   1.8253065e+01
  -1.2143968e+02
   6.1827519e+01
  -9.6085241e+01
  -5.6108673e+01
  -2.6026558e+01
   8.2679132e+00
  -1.3510301e+02
  -7.7239517e+01
   1.2926339e+02
   1.5135110e+02
   9.2702892e+01
   1.0928652e+02
   6.3673320e+01
   1.3439049e+02
  -1.6948780e+02
   7.7129151e+01
   8.1416146e+01
   1.0468061e+02
  -1.3210283e+02
  -6.9438655e+01
   1.3537625e+02
  -1.1831849e+02
  -8.3890285e+01
  -9.3150152e+01
  -7.9643825e+01
  -6.7864529e+01
   1.2505825e+02
   1.3279340e+02
  -1.0952302e+02
  -1.1201469e+01
   7.7599872e+01
  -5.1087853e+01
  -1.3148309e+01
   5.1463661e+01
   1.4791726e+02
   5.9712892e+00
   1.1447023e+02
   5.4956124e+01
   1.5493492e+02
   1.0746401e+02
   9.8421080e+01
   1.0192293e+02
   1.3362294e+02
   1.2184615e+02
   1.3953860e+02
  -5.4702636e+01
  -8.1694368e+01
   1.5245630e+02
  -1.0441499e+02
   3.1265608e+01
   3.8098065e+01
  -6.6525275e+01
  -1.4308724e+02
  -8.8864256e+01
   2.0303710e+01
   8.8025651e+00
  -7.8646228e+01
   4.0126965e+01
  -1.3645240e+02
  -1.2267581e+02
   3.4960015e+01
  -1.3838370e+02
   1.4753618e+02
  -1.2203191e+02
  -3.9380277e+01
   1.5025334e+02
   7.8665353e+01
   8.2053079e+01
  -4.2318164e+01
  -5.6561986e+01
   1.4882010e+02
  -1.4800381e+02
   3.4156054e+01
   9.1574642e+01
  -9.4069224e+01
   8.2130931e+01
   3.0938844e+01
  -5.5094797e+00
  -3.6609991e+01
  -7.9498978e+01
  -1.3350475e+02
   9.1594186e+01
  -1.0305381e+02
  -6.5977120e+01
   7.5207929e+01
   7.1023939e+01
  -1.8544476e+01
  -9.8763578e+01
  -1.3008673e+02
   1.3465806e+02
   9.8798075e+01
  -4.4559286e+01
  -8.7948665e+01
  -5.3302938e+01
