  -6.5154799e+01
   8.4366094e+01
  -4.9445231e+01
  -9.5414879e+01
  -9.0215570e+01
  -6.0581551e+01
  -8.0664849e+01
  -4.9771702e+01
  -3.6532490e+01
   9.4753520e+01
  -1.0805066e+02
   6.4339496e+01
  -7.6942793e+01
  -1.0912912e+02
  -1.3328703e+02
   3.5136914e+00
   1.6051013e+02
  -1.2478943e+02
   1.0512584e+02
   1.6628442e+02
   1.0016486e+02
   6.9225324e+01
   8.9296530e+01
  -1.7557137e+02
  -1.4855977e+02
   6.2464238e+01
   6.9506388e+01
   7.7834152e+01
  -1.1346975e+02
  -1.5542137e+01
   1.0783400e+02
  -1.2332188e+02
  -1.1211276e+02
  -8.3436086e+01
  -1.0350417e+02
   6.3941398e+01
   9.8884296e+01
   5.6708186e+01
  -1.1373151e+02
   2.0006174e+01
   9.9084825e+01
   1.0319693e+01
  -5.9425452e+01
   7.5438760e+01
   7.0904199e+01
   1.6449734e+01
   1.3238586e+02
   5.5043344e+01
   1.6392480e+02
   8.4683858e+01
   9.6572269e+01
   5.3777871e+01
   1.0607938e+02
   9.9603887e+01
   1.2608364e+02
  -5.6190667e+01
  -9.4830889e+01
   6.0291693e+01
  -4.1441914e+01
   2.8683733e+01
   1.0561053e+02
  -7.6197365e+01
  -8.2786984e+01
  -1.1240743e+02
   1.5175801e+01
  -1.7304885e+01
  -9.9723859e+01
  -4.9439458e+01
   1.5482463e+02
   8.1254486e+01
  -7.9047952e+01
   1.0505035e+02
  -9.8276926e+00
  -1.3726395e+02
  -9.4206093e+01
   1.2020400e+02
   6.7205240e+01
   7.0087683e+01
  -9.2152411e+00
  -5.0096935e+01
   1.0105657e+02
   5.8485696e+01
   3.4639143e+01
   8.9608199e+01
  -8.1632180e+01
   6.5554357e+01
  -1.3718613e+01
  -8.6928896e+00
  -5.9398008e+01
  -8.4707411e+01
  -7.0045425e+01
   7.8652709e+01
  -9.4687895e+01
  -9.0261848e+01
   1.2905638e+02
             NaN
  -1.0973895e+02
  -1.1699798e+02
  -8.5172741e+01
   8.7403853e+01
   8.1307558e+01
  -1.0885763e+02
  -9.8990189e+01
  -4.8653290e+01
