  -9.8048517e+01
   7.4214442e+01
  -8.8594140e+01
  -1.4200821e+01
  -1.1991430e+02
   1.6865877e+02
   1.7230201e+02
  -7.2007571e+01
  -5.2349761e+01
   3.5122203e+01
  -1.6076496e+02
   3.9312351e+01
  -9.1799436e+01
  -1.3847959e+02
  -1.0414036e+01
   1.8221477e+01
  -1.2246198e+02
  -1.1031730e+02
  -1.6116446e+02
   1.4945744e+02
   1.5397756e+00
   4.2520222e+00
             NaN
   1.3860104e+02
   1.7977196e+02
   7.7436271e+01
   2.6234707e+01
   4.9275832e+01
  -1.7013248e+02
   2.3830296e+00
   1.7950324e+02
  -9.0370904e+01
  -1.2538895e+02
  -1.7026708e+02
  -1.4150283e+02
  -1.1357287e+02
   1.6420514e+02
   1.9665158e+00
   1.2543224e+01
   7.8267998e+01
  -7.8210722e+00
  -1.6300580e+02
  -7.4905236e+00
  -1.6768774e+01
   1.6559149e+02
  -4.9118309e+01
   1.1603077e+02
  -3.3816220e+00
   1.2037452e+02
  -3.0810599e+01
  -1.3024391e+01
   1.7464560e+01
   1.7729958e+02
   8.0710602e+01
   8.7643940e+01
  -1.7079234e+02
  -1.7567751e+02
             NaN
  -1.1180063e+02
  -1.9080267e+01
   3.9780140e+01
  -4.5691242e+01
  -1.3507731e+02
  -1.6884403e+02
   4.7142908e-01
   1.7097751e+01
  -1.6407313e+02
   9.6503725e-01
  -1.4811670e+02
   1.3446580e+02
  -4.3735306e+01
  -1.6383485e+02
   6.5572213e+01
   1.7881115e+02
  -1.1774209e+01
  -1.7288892e+01
  -5.5696189e+00
   7.7200651e+00
  -2.9058134e+01
  -1.7635824e+02
  -1.6588369e+02
  -1.7745878e+02
   3.5545175e+01
   1.0603271e+01
  -1.1514385e+02
   4.1555922e+01
  -2.8290468e+00
   8.5715254e-01
  -1.6819639e+02
  -8.7216334e+01
  -1.1951558e+02
  -3.9423704e+00
  -1.7239702e+02
  -1.6529307e+02
  -1.6187846e+02
   9.3272335e+01
   4.0106806e+01
  -1.7260508e+02
   1.7279934e+02
   1.6550089e+02
   8.2673027e+01
   1.1631484e+02
   3.1257879e+01
  -8.9835308e+01
