1000.000000	1.000000
1001.000000	1.000000
1002.000000	1.000000
1003.000000	1.000000
1004.000000	1.000000
1005.000000	1.000000
1006.000000	1.000000
1007.000000	1.000000
1008.000000	2.000000
1009.000000	2.000000
1010.000000	2.000000
1011.000000	2.000000
1012.000000	2.000000
1013.000000	2.000000
1014.000000	2.000000
1015.000000	3.000000
1016.000000	3.000000
1017.000000	3.000000
1018.000000	3.000000
1019.000000	3.000000
1020.000000	3.000000
1021.000000	3.000000
1022.000000	3.000000
1023.000000	3.000000
1024.000000	3.000000
1025.000000	3.000000
1026.000000	3.000000
1027.000000	3.000000
1028.000000	3.000000
1029.000000	3.000000
1030.000000	3.000000
1031.000000	3.000000
1032.000000	3.000000
1033.000000	3.000000
1034.000000	4.000000
1035.000000	4.000000
1036.000000	4.000000
1037.000000	4.000000
1038.000000	4.000000
1039.000000	4.000000
1040.000000	4.000000
1041.000000	4.000000
1042.000000	4.000000
1043.000000	4.000000
1044.000000	4.000000
1045.000000	4.000000
1046.000000	4.000000
1047.000000	4.000000
1048.000000	4.000000
1049.000000	4.000000
1050.000000	4.000000
1051.000000	4.000000
1052.000000	4.000000
1053.000000	4.000000
1054.000000	4.000000
1055.000000	4.000000
1056.000000	4.000000
1057.000000	4.000000
1058.000000	4.000000
1059.000000	5.000000
1060.000000	5.000000
1061.000000	6.000000
1062.000000	6.000000
1063.000000	6.000000
1064.000000	6.000000
1065.000000	6.000000
1066.000000	6.000000
1067.000000	6.000000
1068.000000	6.000000
1069.000000	6.000000
1070.000000	6.000000
1071.000000	6.000000
1072.000000	6.000000
1073.000000	6.000000
1074.000000	6.000000
1075.000000	6.000000
1076.000000	6.000000
1077.000000	6.000000
1078.000000	6.000000
1079.000000	6.000000
1080.000000	6.000000
1081.000000	6.000000
1082.000000	6.000000
1083.000000	6.000000
1084.000000	6.000000
1085.000000	6.000000
1086.000000	6.000000
1087.000000	6.000000
1088.000000	6.000000
1089.000000	6.000000
1090.000000	6.000000
1091.000000	6.000000
1092.000000	7.000000
1093.000000	7.000000
1094.000000	7.000000
1095.000000	7.000000
1096.000000	7.000000
1097.000000	7.000000
1098.000000	7.000000
1099.000000	7.000000
1100.000000	7.000000
1101.000000	7.000000
1102.000000	7.000000
1103.000000	7.000000
1104.000000	7.000000
1105.000000	7.000000
1106.000000	7.000000
1107.000000	7.000000
1108.000000	7.000000
1109.000000	7.000000
1110.000000	7.000000
1111.000000	7.000000
1112.000000	7.000000
1113.000000	7.000000
1114.000000	7.000000
1115.000000	8.000000
1116.000000	8.000000
1117.000000	8.000000
1118.000000	8.000000
1119.000000	8.000000
1120.000000	8.000000
1121.000000	8.000000
1122.000000	8.000000
1123.000000	8.000000
1124.000000	8.000000
1125.000000	8.000000
1126.000000	8.000000
1127.000000	8.000000
1128.000000	8.000000
1129.000000	8.000000
1130.000000	8.000000
1131.000000	8.000000
1132.000000	8.000000
1133.000000	9.000000
1134.000000	9.000000
1135.000000	10.000000
1136.000000	11.000000
1137.000000	11.000000
1138.000000	11.000000
1139.000000	12.000000
1140.000000	12.000000
1141.000000	12.000000
1142.000000	12.000000
1143.000000	12.000000
1144.000000	12.000000
1145.000000	12.000000
1146.000000	12.000000
1147.000000	12.000000
1148.000000	12.000000
1149.000000	12.000000
1150.000000	12.000000
1151.000000	12.000000
1152.000000	12.000000
1153.000000	12.000000
1154.000000	12.000000
1155.000000	12.000000
1156.000000	12.000000
1157.000000	12.000000
1158.000000	12.000000
1159.000000	12.000000
1160.000000	12.000000
1161.000000	12.000000
1162.000000	12.000000
1163.000000	12.000000
1164.000000	12.000000
1165.000000	12.000000
1166.000000	12.000000
1167.000000	12.000000
1168.000000	12.000000
1169.000000	12.000000
1170.000000	12.000000
1171.000000	12.000000
1172.000000	12.000000
1173.000000	12.000000
1174.000000	12.000000
1175.000000	12.000000
1176.000000	13.000000
1177.000000	13.000000
1178.000000	13.000000
1179.000000	13.000000
1180.000000	13.000000
1181.000000	13.000000
1182.000000	13.000000
1183.000000	13.000000
1184.000000	14.000000
1185.000000	14.000000
1186.000000	14.000000
1187.000000	14.000000
1188.000000	14.000000
1189.000000	14.000000
1190.000000	14.000000
1191.000000	14.000000
1192.000000	14.000000
1193.000000	14.000000
1194.000000	14.000000
1195.000000	14.000000
1196.000000	14.000000
1197.000000	14.000000
1198.000000	14.000000
1199.000000	14.000000
1200.000000	14.000000
1201.000000	14.000000
1202.000000	14.000000
1203.000000	14.000000
1204.000000	14.000000
1205.000000	14.000000
1206.000000	14.000000
1207.000000	15.000000
1208.000000	15.000000
1209.000000	15.000000
1210.000000	15.000000
1211.000000	15.000000
1212.000000	15.000000
1213.000000	15.000000
1214.000000	15.000000
1215.000000	15.000000
1216.000000	15.000000
1217.000000	15.000000
1218.000000	15.000000
1219.000000	15.000000
1220.000000	15.000000
1221.000000	17.000000
1222.000000	18.000000
1223.000000	19.000000
1224.000000	20.000000
1225.000000	21.000000
1226.000000	22.000000
1227.000000	23.000000
1228.000000	23.000000
1229.000000	23.000000
1230.000000	23.000000
1231.000000	23.000000
1232.000000	23.000000
1233.000000	23.000000
1234.000000	23.000000
1235.000000	23.000000
1236.000000	23.000000
1237.000000	23.000000
1238.000000	23.000000
1239.000000	23.000000
1240.000000	23.000000
1241.000000	23.000000
1242.000000	23.000000
1243.000000	23.000000
1244.000000	23.000000
1245.000000	23.000000
1246.000000	23.000000
1247.000000	23.000000
1248.000000	23.000000
1249.000000	23.000000
1250.000000	23.000000
1251.000000	23.000000
1252.000000	23.000000
1253.000000	23.000000
1254.000000	23.000000
1255.000000	23.000000
1256.000000	23.000000
1257.000000	23.000000
1258.000000	23.000000
1259.000000	23.000000
1260.000000	23.000000
1261.000000	23.000000
1262.000000	23.000000
1263.000000	23.000000
1264.000000	23.000000
1265.000000	23.000000
1266.000000	23.000000
1267.000000	23.000000
1268.000000	23.000000
1269.000000	23.000000
1270.000000	24.000000
1271.000000	24.000000
1272.000000	24.000000
1273.000000	24.000000
1274.000000	24.000000
1275.000000	24.000000
1276.000000	24.000000
1277.000000	24.000000
1278.000000	24.000000
1279.000000	24.000000
1280.000000	24.000000
1281.000000	24.000000
1282.000000	24.000000
1283.000000	24.000000
1284.000000	26.000000
1285.000000	26.000000
1286.000000	26.000000
1287.000000	26.000000
1288.000000	26.000000
1289.000000	26.000000
1290.000000	26.000000
1291.000000	26.000000
1292.000000	26.000000
1293.000000	26.000000
1294.000000	26.000000
1295.000000	26.000000
1296.000000	26.000000
1297.000000	26.000000
1298.000000	26.000000
1299.000000	26.000000
1300.000000	26.000000
1301.000000	26.000000
1302.000000	26.000000
1303.000000	26.000000
1304.000000	26.000000
1305.000000	26.000000
1306.000000	26.000000
1307.000000	26.000000
1308.000000	26.000000
1309.000000	26.000000
1310.000000	26.000000
1311.000000	26.000000
1312.000000	26.000000
1313.000000	26.000000
1314.000000	26.000000
1315.000000	26.000000
1316.000000	26.000000
1317.000000	26.000000
1318.000000	26.000000
1319.000000	26.000000
1320.000000	26.000000
1321.000000	26.000000
1322.000000	26.000000
1323.000000	26.000000
1324.000000	26.000000
1325.000000	26.000000
1326.000000	26.000000
1327.000000	26.000000
1328.000000	26.000000
1329.000000	26.000000
1330.000000	26.000000
1331.000000	26.000000
1332.000000	26.000000
1333.000000	26.000000
1334.000000	27.000000
1335.000000	27.000000
1336.000000	27.000000
1337.000000	28.000000
1338.000000	28.000000
1339.000000	28.000000
1340.000000	28.000000
1341.000000	28.000000
1342.000000	28.000000
1343.000000	28.000000
1344.000000	28.000000
1345.000000	28.000000
1346.000000	28.000000
1347.000000	28.000000
1348.000000	28.000000
1349.000000	28.000000
1350.000000	28.000000
1351.000000	28.000000
1352.000000	28.000000
1353.000000	29.000000
1354.000000	30.000000
1355.000000	31.000000
1356.000000	32.000000
1357.000000	35.000000
1358.000000	37.000000
1359.000000	37.000000
1360.000000	38.000000
1361.000000	39.000000
1362.000000	40.000000
1363.000000	40.000000
1364.000000	42.000000
1365.000000	42.000000
1366.000000	43.000000
1367.000000	43.000000
1368.000000	43.000000
1369.000000	43.000000
1370.000000	43.000000
1371.000000	43.000000
1372.000000	43.000000
1373.000000	43.000000
1374.000000	43.000000
1375.000000	44.000000
1376.000000	44.000000
1377.000000	44.000000
1378.000000	44.000000
1379.000000	44.000000
1380.000000	44.000000
1381.000000	44.000000
1382.000000	44.000000
1383.000000	44.000000
1384.000000	44.000000
1385.000000	44.000000
1386.000000	44.000000
1387.000000	44.000000
1388.000000	44.000000
1389.000000	44.000000
1390.000000	44.000000
1391.000000	45.000000
1392.000000	45.000000
1393.000000	45.000000
1394.000000	45.000000
1395.000000	45.000000
1396.000000	45.000000
1397.000000	45.000000
1398.000000	45.000000
1399.000000	46.000000
1400.000000	46.000000
1401.000000	46.000000
1402.000000	46.000000
1403.000000	46.000000
1404.000000	46.000000
1405.000000	46.000000
1406.000000	46.000000
1407.000000	46.000000
1408.000000	46.000000
1409.000000	46.000000
1410.000000	46.000000
1411.000000	47.000000
1412.000000	47.000000
1413.000000	47.000000
1414.000000	47.000000
1415.000000	47.000000
1416.000000	47.000000
1417.000000	47.000000
1418.000000	47.000000
1419.000000	47.000000
1420.000000	48.000000
1421.000000	48.000000
1422.000000	48.000000
1423.000000	48.000000
1424.000000	48.000000
1425.000000	48.000000
1426.000000	48.000000
1427.000000	48.000000
1428.000000	50.000000
1429.000000	50.000000
1430.000000	50.000000
1431.000000	50.000000
1432.000000	50.000000
1433.000000	50.000000
1434.000000	50.000000
1435.000000	50.000000
1436.000000	50.000000
1437.000000	50.000000
1438.000000	50.000000
1439.000000	50.000000
1440.000000	50.000000
1441.000000	50.000000
1442.000000	50.000000
1443.000000	50.000000
1444.000000	50.000000
1445.000000	50.000000
1446.000000	50.000000
1447.000000	50.000000
1448.000000	50.000000
1449.000000	50.000000
1450.000000	50.000000
1451.000000	50.000000
1452.000000	50.000000
1453.000000	50.000000
1454.000000	50.000000
1455.000000	50.000000
1456.000000	50.000000
1457.000000	50.000000
1458.000000	50.000000
1459.000000	50.000000
1460.000000	50.000000
1461.000000	50.000000
1462.000000	50.000000
1463.000000	50.000000
1464.000000	50.000000
1465.000000	50.000000
1466.000000	50.000000
1467.000000	50.000000
1468.000000	50.000000
1469.000000	50.000000
1470.000000	50.000000
1471.000000	50.000000
1472.000000	50.000000
1473.000000	50.000000
1474.000000	50.000000
1475.000000	50.000000
1476.000000	50.000000
1477.000000	50.000000
1478.000000	50.000000
1479.000000	50.000000
1480.000000	50.000000
1481.000000	50.000000
1482.000000	50.000000
1483.000000	50.000000
1484.000000	50.000000
1485.000000	50.000000
1486.000000	50.000000
1487.000000	50.000000
1488.000000	50.000000
1489.000000	50.000000
1490.000000	50.000000
1491.000000	50.000000
1492.000000	51.000000
1493.000000	51.000000
1494.000000	52.000000
1495.000000	52.000000
1496.000000	53.000000
1497.000000	53.000000
1498.000000	53.000000
1499.000000	53.000000
1500.000000	53.000000
1501.000000	53.000000
1502.000000	53.000000
1503.000000	53.000000
1504.000000	53.000000
1505.000000	54.000000
1506.000000	54.000000
1507.000000	55.000000
1508.000000	55.000000
1509.000000	56.000000
1510.000000	56.000000
1511.000000	57.000000
1512.000000	57.000000
1513.000000	58.000000
1514.000000	60.000000
1515.000000	60.000000
1516.000000	62.000000
1517.000000	62.000000
1518.000000	64.000000
1519.000000	66.000000
1520.000000	68.000000
1521.000000	69.000000
1522.000000	69.000000
1523.000000	70.000000
1524.000000	71.000000
1525.000000	71.000000
1526.000000	72.000000
1527.000000	72.000000
1528.000000	74.000000
1529.000000	76.000000
1530.000000	79.000000
1531.000000	82.000000
1532.000000	82.000000
1533.000000	84.000000
1534.000000	85.000000
1535.000000	85.000000
1536.000000	85.000000
1537.000000	85.000000
1538.000000	85.000000
1539.000000	85.000000
1540.000000	85.000000
1541.000000	85.000000
1542.000000	86.000000
1543.000000	86.000000
1544.000000	86.000000
