5.6364	44.878514945582
5.6364	45.457741552135445
5.6364	45.371491623301246
5.6364	47.31088249937432
5.6364	45.269707291887315
5.6364	47.01072914524762
5.6364	45.23296929335961
5.6364	44.87166115382096
5.6364	44.96426085032771
5.6364	44.969757095388
5.6364	44.97365267470211
5.124	46.041156973350375
5.124	45.25600635634209
5.124	44.57168636683595
5.124	45.44739823586513
5.124	45.35281845372131
5.124	45.115318582581345
4.697	45.79870994814604
4.697	44.0913572218641
4.697	45.047081052252594
4.697	46.037908294230284
4.697	44.894673137363505
4.697	45.263636296737765
4.697	44.56441959463519
4.697	46.07412530100783
4.697	45.51938284807708
4.697	45.32271924544459
4.697	45.28243493657231
4.697	47.608425756279395
4.697	45.246081418970945
4.697	46.31797562331165
4.697	45.306789353289055
4.697	45.224144878891856
4.697	45.44540891004426
4.697	44.6342053190451
4.697	44.79955325495643
4.697	44.998424931985824
4.697	44.37034358773334
4.697	44.368969922761465
4.697	47.122242965517394
4.697	45.137002838797684
4.697	45.32340813613483
4.697	45.1145017657909
4.697	44.84113245405326
4.6116	45.79431949821835
4.6116	45.12009908639321
4.6116	44.08422237311893
4.6116	44.63212029057797
4.6116	44.63340610327938
4.27	44.43977272357194
4.27	44.53932096727603
4.27	45.62854987181116
4.27	45.38517493604877
4.0992	45.31779528333725
4.0992	44.646193365409324
4.0992	44.638217416190884
4.0992	44.54392635067865
4.0992	44.29776921004154
4.0992	45.07551950775071
4.0992	44.09069144416006
4.0992	46.84291744745314
4.0992	43.88972928768643
4.0992	46.5912760864825
4.0992	45.645736620511784
4.0992	46.10528066401845
4.0992	44.74172133208388
4.0992	46.63747261571277
4.0992	43.911830478029444
4.0992	47.072996778681386
4.0992	44.527580612971974
4.0992	44.424912682226065
4.0992	46.988357092277326
4.0992	44.761380133201435
4.0992	44.77867742194657
4.0992	45.39069134396155
4.0992	45.18066492419976
3.8429999999999995	44.652419649152414
3.8429999999999995	45.097134067863315
3.8429999999999995	44.13215779062371
3.8429999999999995	45.82275682608218
3.8429999999999995	44.250396673134176
3.8429999999999995	44.92242743805969
3.8429999999999995	44.76379637845471
3.7576	45.00536586881269
3.7576	45.303001409145914
3.7576	45.296282045538675
3.7576	44.915298861349335
3.7576	45.75072440685459
3.7576	44.66473271853481
3.7576	44.00671462976783
3.7576	44.681255319300284
3.7576	44.317302759563425
3.7576	44.69266147160672
3.7576	45.069058688358744
3.7576	45.063344485001245
3.7576	45.36828891773993
3.7576	44.42698062581026
3.7576	44.557068642348604
3.7576	45.174510957580054
3.7576	44.205038173065155
3.7576	45.99215550262093
3.7576	45.10264604812003
3.7576	47.447930375268044
3.7576	45.32878554865989
3.7576	44.87270912150288
3.7576	44.91355177952961
3.7576	44.88645048390482
3.7576	45.28953955388604
3.7576	44.13164297423632
3.7576	44.543915109562015
3.7576	47.24189405422977
3.7576	45.3834681750546
3.7576	45.34279431671872
3.7576	44.982607945822
3.7576	45.406923317735966
3.7576	45.17127669924994
3.7576	47.42812338682322
3.7576	47.33977009734367
3.7576	44.74140240227808
3.7576	46.98695082032224
3.7576	45.257832704497545
3.7576	45.21164582052923
3.7576	47.38062038757026
3.7576	45.3078116051204
3.7576	46.07011212017268
3.7576	45.827572686849635
3.7576	46.85174266096119
3.7576	45.02368431305073
3.7576	45.6344831092422
3.7576	44.97997095761318
3.7576	43.98209805693401
3.7576	45.41742907972439
3.7576	44.633196807591645
3.7576	44.634105614748975
3.7576	44.645111238069674
3.7576	45.09149988858707
3.7576	47.006805112049754
3.7576	44.98297104710085
3.7576	47.131452367157614
3.7576	44.446868384807026
3.7576	44.76365799716577
3.7576	47.17378686935297
3.7576	45.66590238619515
3.7576	45.42304977969171
3.7576	45.399100097241316
3.7576	44.44129012615869
3.7576	45.26977460320272
3.7576	44.5407114234269
3.7576	44.833728926722706
3.416	45.09062496889566
3.416	47.02416444350771
3.416	44.29753571371415
3.416	45.863254945398815
3.416	46.67286364318901
3.416	44.063206617826076
3.416	47.6881719055924
3.416	46.887742623562204
3.416	44.173209545684756
3.416	43.66054452594632
3.416	46.043702548883644
3.416	46.36066314193849
3.416	45.05674642169954
3.416	48.1425488765572
3.416	46.59219031002832
3.416	43.960900052852054
3.416	46.63319454663956
3.416	43.89402784539986
3.416	44.66333002540132
3.416	46.52152305260957
3.416	43.84438624916578
3.416	43.828287994805365
3.416	45.749937468363925
3.416	47.08863120588766
3.416	46.29218126445316
3.416	46.9379553860701
3.416	45.406490857591606
3.416	44.60854444373938
3.416	44.448865920829945
3.416	47.431590679020715
3.416	43.99135096248775
3.416	46.15820004405
3.416	46.954960946006516
3.416	44.80473165395152
3.416	45.91383506402466
3.416	47.02498216944693
3.416	46.973012768406846
3.416	44.37920632284523
3.416	45.10792797189495
3.416	45.15599913064137
3.416	44.829175141539466
3.416	47.02416444350771
3.416	46.59219031002832
3.416	43.89402784539986
3.416	46.52152305260957
3.416	45.072328714644954
3.416	46.954960946006516
3.416	44.80473165395152
3.416	45.15599913064137
3.416	44.829175141539466
3.0744	46.89390754382888
3.0744	44.182627043602096
3.0744	46.68429716566083
3.0744	46.353259244656144
3.0744	43.95865770025179
3.0744	44.63993194423729
3.0744	43.79355410101328
3.0744	47.081455319367514
3.0744	46.29665954725051
3.0744	45.408026035375144
3.0744	46.09246391883421
3.0744	47.43460898380382
3.0744	44.735892412786946
2.8182	45.801979414687295
2.8182	47.289591016746215
2.8182	47.02637814392013
2.8182	43.8529814756378
2.8182	43.630694234394845
2.8182	48.020641156359545
2.8182	46.266868024439795
2.8182	43.741413534331244
2.8182	45.72856063321207
2.8182	46.94092112320117
2.8182	45.38546439634034
2.8182	47.43421928086258
2.8182	43.6718388056067
2.8182	46.15658214306711
2.8182	45.91850446446005
2.8182	46.156964252812465
2.8182	45.985773217759046
2.8182	44.39740290150536
2.8182	46.51973844822416
2.8182	44.86323767605147
2.7328	45.1361624980182
2.7328	46.49868135311302
2.7328	44.80758801458552
2.7328	47.45069515028502
2.7328	47.10880408744883
2.7328	45.509752601081864
2.7328	45.79432160524667
2.7328	47.29035947796177
2.7328	46.16769779045406
2.7328	47.43352492483542
2.7328	45.88135680793724
2.7328	44.541480154938874
2.7328	46.78383421420692
2.7328	47.78710065698395
2.7328	45.54427999537188
2.7328	44.071290415467026
2.7328	46.33869174415325
2.7328	46.37029232841424
2.7328	44.05468702407969
2.7328	47.4343124026011
2.7328	47.03435323927345
2.7328	45.106726772783894
2.7328	44.51556077470064
2.7328	43.95877287472881
2.7328	47.96297308534084
2.7328	43.985696309995504
2.7328	43.97861456539053
2.7328	46.71608602585838
2.7328	46.01444155878383
2.7328	46.23372222461871
2.7328	47.552975154836965
2.7328	44.145675422533145
2.7328	46.07096202533778
2.7328	44.04021154647116
2.7328	47.071350187653366
2.7328	45.7205899611335
2.7328	45.20558147149634
2.7328	47.38660971028082
2.7328	43.90401492126435
2.7328	43.73031129363913
2.7328	45.72355132278145
2.7328	46.05035572948042
2.7328	48.341322885404544
2.7328	45.784852335383164
2.7328	45.6117931555843
2.7328	46.942074983303
2.7328	44.47243200381609
2.7328	45.401058656014655
2.7328	45.38670906780542
2.7328	45.369137473212376
2.7328	46.57201649634308
2.7328	44.56319417434997
2.7328	46.15994137843145
2.7328	45.65280247317195
2.7328	45.95784638732872
2.7328	45.9383190155252
2.7328	45.4733679980817
2.7328	44.319587522039846
2.7328	44.983355879848396
2.7328	45.79679797407646
2.7328	45.17041710612338
2.7328	46.137429187197085
2.7328	45.426165052099
2.7328	46.946278851837604
2.7328	45.97970606838145
2.7328	44.415273637314506
2.7328	45.74514694355646
2.7328	44.563660023081866
2.7328	45.052510865914016
2.7328	44.96282183806885
2.7328	45.440581002204006
2.7328	45.10044084901991
2.562	45.5477366688793
2.562	46.169052784437426
2.562	43.92575749965553
2.562	45.28368508744269
2.562	45.89818326473588
2.562	45.135370747508965
2.3485	46.464855324151365
2.3485	45.514377602591104
2.3485	45.814679383810564
2.3485	45.822349878255416
2.3485	45.05441314937198
2.3485	47.948440755066855
2.3485	47.284877909100494
2.3485	45.142395030267764
2.3485	46.17185714576246
2.3485	46.40471121120159
2.3485	43.84335653602932
2.3485	46.55094388728279
2.3485	44.14859168124518
2.3485	46.35551944453753
2.3485	45.99269599631701
2.3485	45.84711260944408
2.3485	43.94874145152147
2.3485	43.97114592159407
2.3485	46.35601126648308
2.3485	45.405950119260694
2.3485	45.98814575913059
2.3485	46.2076113463936
2.3485	47.32931762515984
2.3485	45.344391666502595
2.3485	45.77697509621627
2.3485	44.625418034227806
2.3485	46.16041828047834
2.3485	45.28310420323238
2.3485	44.67589152950492
2.3485	45.96849518290351
2.3485	45.13991664623009
2.3485	45.16073956367992
2.3485	45.36113043874097
2.3485	46.18265202070279
2.3485	45.93965643516492
2.3485	45.47945777161314
2.3485	45.145061489977806
2.3485	46.558636067318254
2.3058	46.4606355273417
2.3058	48.37336319800861
2.3058	43.85910082282536
2.135	45.61928034454372
2.135	45.815851165401575
2.135	46.11211855770944
2.135	46.08721581031541
2.135	45.65711499185073
2.135	46.48453538524032
2.135	46.23840369625397
2.135	45.76225473205203
2.135	44.52876428689558
2.135	46.48618013951246
2.135	47.26324942791964
2.135	44.509852591929146
2.135	45.01667447199738
2.135	46.24122781899847
2.135	46.95664979852135
2.0496	45.013001049515644
2.0496	45.68963723035819
1.9214999999999998	46.69850673444718
1.9214999999999998	47.60031063138009
1.9214999999999998	45.052109830860424
1.9214999999999998	44.61766361083126
1.9214999999999998	45.348835596748586
1.9214999999999998	46.84704380321535
1.8788	45.915350724017216
1.8788	45.89386470753068
1.8788	45.71973131240456
1.8788	45.20293086871227
1.8788	45.531261736293125
1.8788	46.91993296187555
1.8788	45.893607099050946
1.8788	45.24963355715463
1.8788	45.609464684223454
1.8788	46.584010962922136
1.8788	47.303212791557755
1.8788	46.416055019303776
1.8788	47.08384843370051
1.8788	44.673938044191345
1.8788	46.570233718590416
1.8788	46.67477547177772
1.8788	46.039316702319375
1.8788	46.65335710101144
1.8788	47.96397351708268
1.8788	46.6948723674926
1.8788	44.93226909059668
1.8788	45.60525305883114
1.8788	46.31168518213891
1.8788	47.42691143703737
1.8788	46.52077467490893
1.8788	46.51818109720426
1.8788	46.24981269287553
1.8788	45.23376409305758
1.8788	43.877003003448976
1.8788	45.45411992048733
1.8788	47.79336015265957
1.8788	47.23681208143874
1.8788	47.29014117820917
1.8788	47.77226381466208
1.8788	44.25530755092547
1.8788	44.854480803419
1.8788	45.85539783442772
1.8788	45.466290412485044
1.8788	43.56599375189509
1.8788	47.5024118719223
1.8788	45.761866523397686
1.8788	43.62524670853132
1.8788	45.967179529323396
1.8788	43.57303532496543
1.8788	44.301410862181676
1.8788	45.84926784256617
1.8788	46.33998779910302
1.8788	46.350949966846635
1.8788	46.21245143414974
1.8788	46.498710213528845
1.8788	45.531821530216654
1.8788	43.74105220284479
1.8788	43.98432294188957
1.8788	46.26453255435349
1.8788	43.91497769348575
1.8788	43.81229025638769
1.8788	44.00805047435845
1.8788	46.18236704015783
1.8788	46.51966462441051
1.8788	46.85313800139617
1.8788	48.110174776912515
1.8788	44.55516783424123
1.8788	44.51761970546688
1.8788	45.031624492323175
1.8788	45.5465774240531
1.8788	44.78201069562045
1.8788	43.8786763604853
1.8788	43.844305950685
1.8788	46.24097288230397
1.8788	45.05216977727731
1.8788	44.71386874197798
1.8788	44.56112697208556
1.8788	45.331466837019015
1.8788	46.16042201736474
1.8788	46.58681384767211
1.8788	45.066373200184344
1.8788	44.83210419328224
1.8788	46.56137046516789
1.8788	45.29241772952417
1.8788	43.615987728398366
1.8788	45.53745918480834
1.8788	44.94751778989424
1.8788	44.790597893037
1.8788	44.822930937224704
1.8788	46.420527072164305
1.8788	46.39680227402638
1.8788	46.343397038694114
1.8788	45.79934234305149
1.8788	45.816809429342534
1.8788	44.84085849238519
1.8788	45.64583449897968
1.8788	46.004702045490845
1.8788	44.65612602550587
1.8788	45.26990662241701
1.8788	45.34537761994048
1.708	46.0660683218891
1.708	46.60824609267594
1.708	46.624109950401945
1.708	45.03025772078535
1.708	44.18238553515453
1.708	45.899628239615815
1.708	48.43749994457162
1.708	44.13195743446627
1.708	46.26198285662261
1.708	45.44437873097095
1.708	43.84040867584518
1.708	43.80144669847632
1.708	45.55873040356844
1.708	45.11421597041454
1.708	45.09981337094789
1.708	45.136114964788945
1.708	47.27049048274809
1.708	46.733542918306235
1.708	44.31093248583151
1.708	46.03401630525569
1.708	46.02517752603451
1.708	45.50816433039744
1.708	46.37304166202071
1.708	46.72994458668568
1.708	46.44717063499253
1.708	44.17082074351833
1.708	47.83956720559534
1.708	44.98905092209018
1.708	44.13195743446627
1.708	43.947278189081715
1.708	47.96995768797449
1.708	47.30860468156658
1.708	45.20598240950959
1.708	46.15915661088028
1.708	46.31875253717849
1.708	47.40177162500712
1.708	44.40983981197104
1.708	45.82257487879517
1.708	44.35083677508429
1.708	45.92184876990151
1.708	47.29426041663075
1.708	46.48535183907007
1.708	45.45291261043292
1.708	45.88184044373065
1.708	45.424212850524434
1.708	43.37794469244012
1.708	44.45584325336916
1.708	45.510300938081976
1.708	44.725031435527626
1.708	45.028292209619174
1.708	44.98575660396708
1.5372	45.96716395276115
1.5372	47.51243607321743
1.5372	43.907580374045914
1.5372	45.4053972495969
1.5372	43.68772684157945
1.5372	45.44675476790924
1.5372	46.28792006859578
1.5372	44.01663446666105
1.5372	43.97340596403549
1.5372	45.0629842941811
1.5372	46.47476311106768
1.5372	44.6429314091379
1.5372	46.244106669932464
1.5372	43.395984760808936
1.5372	44.194103534977465
1.5372	46.45673264527221
1.5372	45.207364629162576
1.5372	47.61240690491912
1.5372	45.56247275079514
1.5372	45.373255594816975
1.5372	43.639874853541045
1.5372	45.4486817362434
1.5372	44.95780336272585
1.5372	44.759134048475616
1.5372	44.74572774275148
1.5372	45.811281925497575
1.5372	44.988701858067174
1.5372	44.60038645223644
1.5372	45.45218143951564
1.5372	44.721434837524434
1.5372	44.79730510076012
1.4091	46.02381984317121
1.4091	46.30967857801038
1.4091	44.01840966749434
1.4091	44.08800954472286
1.4091	44.64653343993965
1.3664	43.81666760883416
1.3664	47.60535207208165
1.3664	45.16485706037509
1.3664	45.40673278694175
1.3664	47.259765246363294
1.3664	45.84985193106871
1.3664	46.06945148889972
1.3664	44.52288051114808
1.3664	46.04207864781495
1.3664	47.849190364100856
1.3664	45.382536675840726
1.3664	47.41097805008892
1.3664	48.52988364134995
1.3664	46.16968006136787
1.3664	43.806415951998055
1.3664	44.21075586752066
1.3664	45.30624541930376
1.3664	43.99265356349654
1.3664	46.60328445534394
1.3664	43.54249622146823
1.3664	46.410662928981225
1.3664	44.96376633167733
1.3664	45.379185234476026
1.3664	46.75364099647188
1.3664	45.24837029021532
1.3664	43.904406172168926
1.3664	45.12893246310344
1.3664	44.83919216997241
1.3664	44.96904465921535
1.3664	44.40059724659609
1.3664	44.56643019319829
1.3664	48.19174902100023
1.3664	44.79917331888186
1.3664	43.43845295638704
1.3664	45.20915692209163
1.3664	46.99616921826117
1.3664	46.39800272996299
1.3664	47.00342363497362
1.3664	44.27818700081383
1.3664	45.81966880979603
1.3664	45.10089494684392
1.3664	44.508046435127824
1.3664	45.87547354433148
1.3664	44.824762370110754
1.281	43.38010512689757
1.17425	45.94094183988115
1.17425	43.34271330553928
1.17425	44.942248744333455
1.17425	43.330620543864036
1.17425	44.642059181938244
1.17425	45.79100292302752
1.1529	45.459806427825626
1.0675	44.413495678188745
1.0675	44.54891046482417
1.0675	45.29317211420879
1.0675	46.429778153620326
1.0675	43.450195507885724
1.0675	43.47097685016438
1.0675	43.388209699504124
1.0675	43.863141137142726
1.0248	46.01013622388257
1.0248	47.18879871624771
1.0248	43.959130244107705
1.0248	46.237395318968055
1.0248	43.497330446905885
1.0248	43.78826042050962
1.0248	44.84329684987808
1.0248	44.29005372727371
1.0248	45.85794134826283
1.0248	43.14501417728358
1.0248	44.584340447672986
1.0248	44.346009371056795
0.9607499999999999	47.13103730359837
0.9607499999999999	44.857390199224
0.9607499999999999	44.17848165698768
0.9394	44.30940361261149
0.9394	45.640991753601796
0.9394	46.589696602807024
0.9394	45.82331149776017
0.9394	47.74027425654841
0.9394	45.74834364630622
0.9394	44.027410402933334
0.9394	44.09941425447429
0.9394	43.799764770105455
0.9394	44.57203676046777
0.9394	46.56521094451882
0.9394	45.95230283161918
0.9394	44.41622085164316
0.9394	43.84681330429873
0.9394	45.6426520799567
0.9394	43.273706412289464
0.9394	44.83609952713378
0.9394	47.17559649057727
0.9394	45.11297878297702
0.9394	45.61822048744929
0.9394	43.32677428590335
0.9394	44.38285251820544
0.9394	43.87161441354452
0.9394	46.21699060855425
0.9394	46.94075123395937
0.9394	44.47528853406822
0.9394	45.77771735330623
0.854	46.54381990409153
0.854	44.68139128250853
0.854	44.587567153349696
0.854	46.62282687003602
0.854	45.42272005364914
0.854	45.99107720623945
0.854	45.87360272276546
0.854	46.6810849958225
0.854	46.67544720445285
0.854	48.404566441195925
0.854	48.54433489086354
0.854	47.44109374053714
0.854	44.16540430083252
0.854	43.461197232805404
0.854	44.4112110846424
0.854	44.98001571622712
0.854	45.52057000684095
0.854	45.42585095792165
0.854	44.27985353750375
0.854	44.14704804549645
0.854	47.48665736739879
0.854	47.33100132483967
0.854	47.56290944955821
0.854	45.91273291749981
0.854	45.96031355559331
0.854	46.15128633171235
0.854	44.60188567777733
0.854	45.514173617348696
0.854	44.70697898709625
0.854	44.54091063244155
0.854	44.7638284971975
0.854	45.416770644737355
0.854	47.11703511322928
0.854	47.69256228084999
0.854	46.79027691842798
0.854	46.63429185745447
0.854	44.770369019991136
0.7686	45.79249338281961
0.7686	46.563759933539856
0.7686	46.00433134656915
0.7686	46.523736102610975
0.7686	45.10980691795221
0.7686	43.73093604801522
0.7686	43.45744024814376
0.7686	43.644684637603106
0.7686	43.589707936606025
0.7686	45.945811732503564
0.7686	45.24961035907154
0.7686	44.724533319059034
0.6832	45.832738639752165
0.6832	45.1746181338249
0.6832	45.170742286448196
0.6832	45.540032168697095
0.6832	45.905271191086676
0.6832	46.786974847618964
0.6832	44.312603743528776
0.6832	45.16604165064388
0.6832	44.424900697648546
0.6832	47.61374097349627
0.6832	44.06403520986881
0.6832	43.654069498210994
0.6832	46.19532447036225
0.6832	47.31438286107968
0.6832	47.212925463051434
0.6832	47.19740383334547
0.6832	45.23268264877765
0.6832	43.08943282050387
0.6832	44.85582473790185
0.6832	42.657006696099096
0.6832	42.56020286437744
0.6832	44.80404624325576
0.6832	45.89374985148946
0.6832	47.46375994469511
0.6832	44.18224536880999
0.6832	44.73902068259531
0.6832	45.85640120455356
0.6832	46.11495838663122
0.6832	47.08421240628372
0.6832	48.69097521038444
0.6832	46.198483578979555
0.6832	44.88421547412278
0.6832	42.991682332467356
0.6832	43.73360485097621
0.6832	48.67997583701904
0.6832	46.025382144292784
0.6832	46.14699888571573
0.6832	45.60071678353325
0.6832	44.96213344109311
0.6832	47.54901119778853
0.6832	47.33998640633676
0.6832	46.572569608693854
0.6832	46.565341892196074
0.6832	47.494264515775996
0.6832	43.18075403138579
0.6832	47.376456621586236
0.6832	46.36636576211271
0.6832	46.692546929145806
0.6832	44.957593353075076
0.6832	44.31752437906601
0.6832	47.5193265472972
0.6832	45.292816960238085
0.6832	44.81564421102414
0.6832	47.444576898375544
0.6832	44.825246969934256
0.6832	45.62417269993332
0.6832	44.88028822598776
0.6832	46.18098052437221
0.6832	45.56816254183295
0.6832	44.20371660270092
0.6832	45.738979497313956
0.6832	45.119364906003746
0.6832	46.31904309005356
0.6832	48.149106549015116
0.6832	48.03056542566373
0.6832	46.994544611922116
0.6832	43.11505031005115
0.6832	42.66794508306004
0.6832	44.73448360143142
0.6832	46.000169338346296
0.6832	44.92940342607293
0.6832	46.52926127162279
0.6832	46.03524491575553
0.6832	46.40168501768816
0.6832	44.6091581167078
0.6832	46.81504563143691
0.6832	43.907257311274066
0.6832	44.841718589702275
0.6832	44.82327357038518
0.6832	44.93790718847795
0.6832	46.72116198830698
0.6832	45.93317208409427
0.6832	47.615202920036616
0.6832	46.23731432421001
0.6832	46.33806509642656
0.6832	47.03543317246605
0.6832	45.74712731786471
0.6832	44.53352081280039
0.6832	46.20259965215052
0.6832	42.92013464034045
0.6832	44.38127740880841
0.6832	45.66649290888377
0.6832	44.30772652775182
0.6832	44.72631372351482
0.6832	44.18330916231434
0.6832	45.116828835006835
0.6832	44.50252238526113
0.6832	44.496574171067316
0.6832	45.19938717955593
0.6832	44.86693884524001
0.6832	47.223184442567195
0.6832	44.09888420556302
0.6832	45.62900689502738
0.6832	44.23441956039173
0.6832	42.83224824038802
0.6832	44.20593354140202
0.6832	44.22449532505911
0.6832	44.902892171550164
0.6832	45.52459825908464
0.6832	45.850010291721034
0.6832	45.00698213589083
0.6832	44.93743030225677
0.6832	46.94178921089823
0.6832	45.68467587472297
0.6832	43.981399998024635
0.6832	43.59683584812436
0.6832	45.589244434399426

