1000 994
1076 1075
1166 1169
1171 1165
1274 1255
1423 1426
1589 1592
1589 1583
1783 1786
1778 1772
1423 1421
1274 1268
1423 1448
1423 1435
1594 1588
1585 1453
1076 1079
1171 1174
1274 1268
1405 1408
1571 1579
1571 1565
1405 1421
1274 1268
1405 1421
1589 1579
1580 1570
1405 1426
1571 1597
1580 1583
1162 1165
1270 1268
1418 1417
1585 1583
1576 1579
1418 1412
1585 1561
1594 1574
1274 1273
1418 1426
1594 1588
1589 1583
1418 1426
1220 1214
1369 1367
1531 1547
1558 1579
1760 1867
1783 1831
1369 1376
1711 1489
1207 1205
1099 1088
1427 1430
1666 1682
2026 2024
1981 2056
1684 1687
2039 2056
2048 2069
1441 1448
1679 1705
1999 2074
2008 2123
1675 1691
2071 2087
2125 2119
1198 1196
1328 1318
1472 1480
1643 1646
1823 1831
1832 1840
1823 1822
2008 2047
2035 2101
1864 1880
1472 1489
1652 1664
1873 1880
1877 1885
1648 1664
1324 1318
1648 1651
1832 1844
2062 2065
2071 2065
1877 1867
1652 1642
1837 1826
2044 2033
2017 2056
1882 1858
2291 2218
2224 2209
1486 1480
1666 1664
1877 1853
1868 1853
1670 1655
1004 994
1117 1111
1256 1273
1612 1691
1000 985
1000 985
1000 985
1000 985
1000 985
1000 985
