43 0.01492141637368648 -0.0035980593897189826 0.005200903802624867 0.5411048829555902 -0.6643606574870761 0.4655776128208593 0.6462268750121252
46 0.03356723638464584 -0.01421435966294024 -0.0020940670775272106 0.762931117846311 -0.9354820678818169 0.3738277159051222 0.6756691252907894
46 0.048873688091690015 -0.024455135343592196 -0.011767951434263332 0.8893973074495309 -1.0247107407832934 0.2896314891043653 0.6751206022885793
48 0.06214553042331766 -0.03424970650070633 -0.021659809967850125 0.989660264696813 -1.0731151555140641 0.2211330144624373 0.6704114911750542
39 0.07024876693644466 -0.043891819508703474 -0.033003883601009774 1.0076999096750974 -1.0874008954118377 0.1871100343449471 0.6595252720100263
51 0.07995559586797937 -0.051320639384062755 -0.04217137719155695 1.0658035706956597 -1.1098230768287138 0.15735752041734047 0.668720073443071
49 0.09083228820038863 -0.05883005574346165 -0.051519545668144436 1.1211166654783733 -1.1183499200769478 0.10972518165932058 0.6672839710951792
51 0.09986535516572628 -0.06546151976233698 -0.06029233350134023 1.1619640574443015 -1.132663694482595 0.0782403691647486 0.6678679894974163
53 0.10645214053361872 -0.07103564731548323 -0.0677225926365503 1.1839906891154803 -1.153609270727908 0.07349863829728516 0.6741092038916972
43 0.1174996674641342 -0.0804799207861491 -0.08153284349187477 1.1879269122784382 -1.1715278576403243 0.06988054407313712 0.6692616543216521
54 0.12485037861139817 -0.08590500332916559 -0.08913594689733058 1.2042602366744413 -1.1597149083336793 0.056320982364259226 0.6751481033107948
55 0.1315075071709992 -0.09098538132300596 -0.09711164928644604 1.212191185127488 -1.159707726028034 0.04299725111497158 0.6727989139740473
55 0.1378911482525909 -0.09592197024497778 -0.10495814570124178 1.2227891474451509 -1.1635254523643164 0.03702373901965047 0.6748163714073897
52 0.14289851101084827 -0.10234462782101966 -0.11472047435426141 1.214764760667031 -1.1519372763416285 0.02975991547009865 0.6551289376104518
51 0.14533423513299712 -0.10721982192924034 -0.12296738073605483 1.184986784681331 -1.1472911105290127 0.048790715554032416 0.6600605585089911
42 0.1571423700508687 -0.1166122706714364 -0.13634180098688362 1.1982130864203397 -1.1682919204618312 0.06507824335114089 0.6672907524169297
67 0.1630401415624326 -0.12130650380419629 -0.1429942972970625 1.211400356750263 -1.158790140236632 0.04421341860282194 0.6686251625171108
68 0.16842439857310568 -0.12571895201658181 -0.14969048483179137 1.2263843739222997 -1.1633150892928867 0.03164073576222946 0.6666213643441306
69 0.17304263962442545 -0.12974347946046075 -0.15571042665009774 1.2351158418734807 -1.1684230145980383 0.02732877874434443 0.6702119020135284
51 0.18164400011632317 -0.13754304080574997 -0.16540537168718739 1.2393011100112972 -1.1742119720616795 0.04049442389437373 0.6608250914736918
69 0.1866138706031376 -0.14189060977156157 -0.17086309408068429 1.2454637207846375 -1.17409135324381 0.025690984656736558 0.6711399646301929
53 0.18902388567862413 -0.1457594157310516 -0.17742620490652533 1.215853926452202 -1.1546347429044737 0.03263998590460465 0.661646163268946
65 0.19584693107082013 -0.15003417626921087 -0.18418919845555642 1.241446130485654 -1.1592600153187842 0.016478796686606425 0.6654755481490326
65 0.2016709839752588 -0.1546999139538562 -0.1917532531061481 1.2623641619901314 -1.1674226982509017 0.0014293033744375756 0.6622391059306575
70 0.20577783978867298 -0.158446919445073 -0.1972881387076706 1.2676108755021858 -1.179541696222265 0.004329029384366605 0.6717700090295137
66 0.21047403380846458 -0.16331555007435505 -0.2046926198982982 1.2785501401667823 -1.1706373672825727 -0.011201858738092721 0.6587897647812565
70 0.2143761801675772 -0.1667075415036061 -0.21048020518434177 1.2794488117317786 -1.1810170397051176 -0.006675762458300025 0.6706539618323745
72 0.2190378791202737 -0.17128988670136625 -0.21734136438537438 1.2899637896837546 -1.1781497594051014 -0.014714246372647424 0.6651863697024929
67 0.22385508733246498 -0.17595153620799736 -0.22486441974646731 1.3001703715912363 -1.1759382975869712 -0.02900009371338336 0.6591787708030302
47 0.22676438517622055 -0.17986332218978973 -0.23082343757226964 1.2839020897102091 -1.1755377302367194 -0.012967638298940869 0.660586919886455
71 0.23124255004636762 -0.18376017419164054 -0.236123105160645 1.2894928830948966 -1.1865496283189716 -0.010040664839763088 0.6728755542868206
71 0.23586131475716332 -0.1878130193122469 -0.2421926760022933 1.2908585877343794 -1.1848695188995426 -0.014541921471179244 0.672931016910668
67 0.24199877849021945 -0.19231736675033015 -0.24926943504198082 1.3028216685770568 -1.176777381465713 -0.03182632656716134 0.6654536908937796
64 0.24540247114887564 -0.19702225923707395 -0.25663465098982297 1.2920542631004848 -1.1765402866353292 -0.031087776435335033 0.6549873925131562
66 0.2512381579003644 -0.20120444977691687 -0.2630966765571683 1.3127898967052969 -1.1768100503952066 -0.03770550177125123 0.6684527594373292
64 0.2540257837902757 -0.20562143747635597 -0.2707958142734094 1.2945586613081825 -1.1766130615026336 -0.03495596551421057 0.656373501286857
68 0.25971822503796593 -0.21030199554378684 -0.2768249128472462 1.313612352270236 -1.1803920243931785 -0.036395799483939686 0.6654454704674696
53 0.26294642447510824 -0.21534326212340568 -0.28371634326991646 1.2940860562499152 -1.1788250327130798 -0.018614564754132368 0.6590344302461799
71 0.26760042752212754 -0.2190798657164833 -0.2892549813070607 1.29822863781043 -1.1884421958298241 -0.01727044053399809 0.6735899044587313
71 0.27230548170904784 -0.22310330018108554 -0.2953961601400251 1.299970896778014 -1.1879502071069308 -0.0212623906011544 0.6736946113764294
71 0.2769331092498449 -0.2270860578629986 -0.3009688954688511 1.3036821651923276 -1.1901900957065452 -0.021392457874597665 0.6735333067419823
64 0.28062725254183635 -0.23239665688756236 -0.3083632067754505 1.2920726168652439 -1.177773660868939 -0.028165299606255433 0.6542661991475083
51 0.28363237048475776 -0.2372877587721757 -0.31363909702358556 1.2775585753858911 -1.1699329355050858 -0.012900217426126178 0.6603049890570083
73 0.28846247913955164 -0.24185645523769106 -0.3204643882144798 1.2913394580432747 -1.1797331212483957 -0.015552887392267796 0.6672580119974298
66 0.29331143598752113 -0.24707585672026627 -0.3280563004698081 1.2997925918920412 -1.178508849874281 -0.030443689959235843 0.6579102020974473
55 0.2985690062132307 -0.2534257832141719 -0.3364334921048788 1.2982206414797839 -1.1813143047041574 -0.01829680136647563 0.6563156597602936
71 0.3035438588742203 -0.25772302403021247 -0.3429973109461622 1.3070556519631669 -1.1848554263622786 -0.02717013662155799 0.6693025041663161
68 0.30914260214106415 -0.2623022789280489 -0.3504557795325714 1.3166749463745402 -1.1832334338151693 -0.041887740886889235 0.6642429387472764
72 0.3130732808325645 -0.2660657651543186 -0.35658816639634094 1.3181077473031568 -1.1909962727115 -0.039131938898123456 0.6707000744118526
57 0.31952615950166663 -0.27247918345885963 -0.3658436361268901 1.3148613330739145 -1.1933904148854826 -0.02517323953676973 0.6613908203343615
53 0.32223382450763477 -0.276957807830665 -0.3722491422439823 1.2930282343107597 -1.1804021386349375 -0.024719059807029833 0.6627199733193375
51 0.32606239381302343 -0.2821220553728853 -0.3779077064640031 1.2828140486727264 -1.1749204603272863 -0.01680802927195072 0.6618454668324555
72 0.33039110620848783 -0.28591311788222196 -0.3830803010048064 1.2936120834597005 -1.188987760964899 -0.01087602467502569 0.6737194356277333
69 0.33599025174611963 -0.2907229913703041 -0.390820307270582 1.3030312135215145 -1.1818977518975426 -0.02992043612588974 0.6622996920918292
42 0.34720927437724136 -0.2996613191579706 -0.403552911128293 1.3003287218078168 -1.1975574757968055 -0.008530319542681459 0.667076107831814
73 0.3521579563001243 -0.30419010108111516 -0.41055386308091546 1.305933246071363 -1.1879760443776792 -0.02541450685961654 0.6681939556607244
74 0.3567789826981412 -0.30879842887203235 -0.41741715357176556 1.3138407140673136 -1.1883021833938525 -0.033053038130110825 0.6677821245155858
71 0.3616972760118186 -0.3131056323003592 -0.42392130864201616 1.322394902646328 -1.189835629460362 -0.03944128643470274 0.6699445322037253
42 0.37132237757505915 -0.3221783204874842 -0.4371752633290617 1.3161281588793254 -1.2067027184973476 -0.026224166546589094 0.6722033462552627
69 0.37695514548753495 -0.32696012689691556 -0.44353881052706806 1.3230055172252244 -1.1891664007904315 -0.0399418427602059 0.666789969118911
72 0.38067117224000563 -0.33053375949101255 -0.4489949239485103 1.3240034423576164 -1.1976835539068258 -0.03504152733396891 0.6738371364208998
50 0.384303676750319 -0.3355657383803473 -0.4550575944648108 1.3091912258866678 -1.181336514086584 -0.033702202815051395 0.6635356913398203
72 0.3881573929079335 -0.33940781247386564 -0.46123576866092425 1.3115144562485057 -1.1923224534773773 -0.03207968662559741 0.6706697851370218
61 0.39044220927333906 -0.34336883082760183 -0.4682575743753939 1.2873632821569303 -1.1828628520538973 -0.027439246658050455 0.6619288907922735
51 0.3942362917138864 -0.34860343260525084 -0.47382546920899865 1.2819794651487715 -1.1718763979575484 -0.013105556432696926 0.6624865435554169
67 0.3999232122741155 -0.35284421527577287 -0.48035966543078223 1.3009741160837722 -1.179379640535809 -0.023257944432219277 0.6699950471780451
72 0.40413230015437235 -0.35685424696049844 -0.4868158477691501 1.3055960299143325 -1.1910449118276327 -0.025821516123877744 0.6695488996752715
72 0.4082883794404586 -0.36062733928768165 -0.49283175042783206 1.3065434330915628 -1.1916908616644635 -0.0262153812166698 0.6726528218353266
51 0.4123840425938965 -0.36580590290061443 -0.499140620138814 1.2951467814668998 -1.1771654443281347 -0.020649509008543662 0.6620443390680565
58 0.41420145428341804 -0.3694882510524893 -0.5058918839427016 1.267761923558286 -1.185151693924888 -0.008632106878941736 0.6646325564573713
54 0.4164018081320467 -0.3739268312093872 -0.5119341746085799 1.2595311842828187 -1.174261901811185 0.003858359024571088 0.666044118128596
72 0.42081912255818527 -0.37773783124786364 -0.5179094054393973 1.2682609294181764 -1.1832124821638195 0.006509472586012156 0.673096999191144
72 0.4251591471561971 -0.3816003715243902 -0.5234395042042335 1.276208078834532 -1.1875246748206527 0.006380836462236688 0.6747640810203746
67 0.42937110872854817 -0.3864274955158779 -0.5304416419343352 1.270786140023827 -1.1773233586064775 -0.004504586908674637 0.6563895682152988
56 0.4349491195229492 -0.39269827425348863 -0.5382937901070611 1.2738399125549429 -1.1790876299017783 0.00838767442848953 0.6584462833698723
61 0.4378211190198033 -0.39696460505540804 -0.5455413021271729 1.254592561469291 -1.176603364744385 0.002181966085716957 0.6632888587694054
72 0.4422684128106081 -0.4011210820728637 -0.5516205302479644 1.2687432177205802 -1.1831961718050128 0.005615630256657945 0.6718862751095284
52 0.4454353112358587 -0.40635440086545105 -0.5579368993194924 1.2623555635903507 -1.1790616633580484 0.008981083209871229 0.6641605701120122
57 0.4477150486322741 -0.410959422990146 -0.565094224734809 1.2375044389113579 -1.1764011311174787 0.017044013078143395 0.6643565418904985
72 0.45244028236956485 -0.4153120894784007 -0.5712770416898783 1.2545103755587377 -1.1796853191424475 0.017788682781810176 0.6716371280811656
69 0.4579186788371869 -0.4204459921174412 -0.5788631119273474 1.2705124877231477 -1.1780549066734087 0.0016071192676183376 0.6623727983570606
72 0.46232821024922693 -0.42443491074581535 -0.585155824546207 1.2785761672360219 -1.1866400626777838 -0.0014482608948411845 0.6713987689953694
66 0.4668208876469744 -0.42962364118781476 -0.5925122365013303 1.285570021504173 -1.18143219297233 -0.011605987783799506 0.6592953879912223
49 0.47080394666908676 -0.43407419951388654 -0.5987741911811153 1.2832872773154134 -1.1762148008494344 -0.006133490724317856 0.6649779252381143
72 0.47519548757119784 -0.43751989771080774 -0.6044780341439264 1.2870576353307261 -1.1919214630841024 -0.0027223275807312527 0.6763972695273603
60 0.4772677660108044 -0.4413646759201469 -0.6114447432581664 1.2597674668247028 -1.1867618361568457 -0.0010894232604202032 0.6654439699905279
51 0.4815429638054798 -0.4468755939995199 -0.617232093280337 1.2607079293399162 -1.1716455813962614 0.008129462273285886 0.6646271804867868
72 0.4859903891084124 -0.4508424971629576 -0.6235338237450925 1.2699335896721142 -1.1854295275890236 0.0064373098140537415 0.6714882624781418
72 0.49042670493208806 -0.4549535606459393 -0.6297823600245889 1.2754425633410547 -1.1862873379116279 0.0022320665964367234 0.6729119744999253
61 0.49342238122756155 -0.45978750008695674 -0.6371056473477226 1.2608977050840855 -1.1824349327986445 -0.0021696600683021807 0.6650224596184471
59 0.4957909482911034 -0.46488880070300503 -0.6434846463551147 1.2452587969739997 -1.1796341444630072 0.014428221321658437 0.6638863642309913
72 0.5005222297855442 -0.46870069795521335 -0.648506674595793 1.2637373270883052 -1.185971068114202 0.019860958063328576 0.6767975951732903
68 0.5064737269825911 -0.47347772758693 -0.6556858285114536 1.2746196846129616 -1.1798800769041726 -4.267671780136186E-4 0.6684143746398937
49 0.5106601156671033 -0.4781283635592467 -0.6618120175337641 1.2736580313481127 -1.1739367638099043 0.002656926051487311 0.6655465118779624
73 0.5152445729881779 -0.48227462063980553 -0.6683660733041187 1.2857246506073217 -1.188407637959341 -0.0035387221363376567 0.6713918242251862
69 0.5209933601395682 -0.48686083669558256 -0.6745852952982593 1.2963391088362 -1.1847713625203424 -0.016021340693296103 0.6697339934525106
72 0.5251181653263932 -0.4901356503215397 -0.6797851700973002 1.3023124646224313 -1.196620449378521 -0.011281714559194574 0.677035438558307
42 0.5360118102166213 -0.498948565884989 -0.6925333065445581 1.2922239159465936 -1.203832395099551 0.0024499757673150263 0.6705524579977846
67 0.5402235308815581 -0.5039488180362574 -0.6996417328053453 1.285578500204741 -1.1843221504820909 -0.010705945404370549 0.658365378707553
70 0.5449905872025028 -0.5085432144862322 -0.7068317381781328 1.2975436716202542 -1.1880582953727268 -0.017457632710899874 0.6645582202725117
72 0.5491569315242308 -0.5117740008569754 -0.7119949232146552 1.3018867374601228 -1.1986024192152407 -0.010762801554711444 0.6773231674864518
72 0.5533298359314544 -0.515262585314832 -0.7179416490773556 1.2968363111239618 -1.1954550201704384 -0.012439411574971517 0.6762064776450054
67 0.557158607763041 -0.520215828670334 -0.7250350584861656 1.2937772975032118 -1.1881180730917786 -0.016133873265646078 0.6596284165293653
72 0.5618577319446564 -0.5245436263192323 -0.7316720592275345 1.3030335783568023 -1.1928360645836174 -0.016954898884935832 0.6713090218588643
69 0.5671995999119076 -0.5288533206532893 -0.7376920922129139 1.309663457530627 -1.1923220791870954 -0.023621783313218434 0.670085493501937
68 0.5724250238284158 -0.5329261684109396 -0.7440090956173107 1.3154518553113894 -1.190592597208817 -0.0316186858587931 0.6719869478239249
