  -6.1488902e-01  -6.5719974e-01
  -8.0767895e-01   3.9705757e-01
   6.1383360e-01   6.5818562e-01
   3.5353870e-01  -8.2765354e-01
  -5.6603924e-01  -6.9971393e-01
  -5.6556777e-01   7.0009507e-01
   4.7366470e-01   7.6527234e-01
   7.9249264e-01   4.2656233e-01
   3.5393390e-01   8.2748462e-01
   7.8733442e-01   4.3600975e-01
   2.9528577e-01  -8.5018017e-01
   5.6800285e-02   8.9820584e-01
   2.3601606e-02  -8.9969048e-01
  -6.0962759e-01  -6.6208323e-01
   2.0575614e-01  -8.7616460e-01
  -8.3840972e-01  -3.2721422e-01
  -8.6270086e-01  -2.5641221e-01
   5.7739705e-01   6.9037138e-01
  -1.0551925e-01  -8.9379287e-01
  -8.7830954e-01   1.9639844e-01
   8.4035591e-01  -3.2218308e-01
   8.9453223e-01   9.9055972e-02
   2.1293618e-01   8.7444736e-01
   8.4299674e-01   3.1520865e-01
  -5.5597698e-01   7.0773554e-01
   8.3986841e-01  -3.2345178e-01
   8.3195560e-01   3.4329271e-01
  -6.8506278e-01   5.8368569e-01
   8.3830637e-01  -3.2747891e-01
  -8.8765407e-01  -1.4856059e-01
   4.7114456e-01   7.6682645e-01
  -6.2718677e-01   6.4547406e-01
   4.9789509e-01   7.4973361e-01
  -1.6456158e-01  -8.8482738e-01
  -8.8727065e-01  -1.5083365e-01
   4.0056217e-01   8.0594662e-01
  -6.8219832e-02  -8.9741075e-01
   8.8857353e-01   1.4295832e-01
   7.2500500e-01  -5.3326143e-01
   3.6219402e-01   8.2390260e-01
   1.1190044e-01  -8.9301640e-01
  -5.6302659e-01  -7.0214034e-01
  -8.6862839e-01  -2.3555193e-01
   8.9926066e-01   3.6472692e-02
  -1.9496975e-01   8.7862779e-01
  -6.6354608e-01  -6.0803504e-01
   8.1467147e-01   3.8250543e-01
   5.8883216e-02  -8.9807169e-01
   7.6158057e-01   4.7957798e-01
  -8.9130162e-01   1.2482558e-01
  -6.1590265e-01   6.5624989e-01
  -8.3883532e-01  -3.2612161e-01
   6.6778634e-01  -6.0337501e-01
   5.4015645e-01  -7.1988264e-01
   8.2180432e-01   3.6693005e-01
   8.4293931e-01   3.1536221e-01
   7.5127913e-01  -4.9555996e-01
  -7.4207328e-01  -5.0924183e-01
  -7.4218687e-01   5.0907628e-01
  -8.2562416e-01  -3.5825236e-01
   3.2308308e-01  -8.4001031e-01
   6.2759019e-01  -6.4508182e-01
   4.0375855e-01  -8.0435007e-01
   6.9417553e-01   5.7281789e-01
  -7.7554076e-01   4.5665800e-01
   2.3510190e-02   8.9969288e-01
   6.2243252e-01   6.5005981e-01
   6.1002369e-01   6.6171829e-01
  -5.6885238e-01  -6.9742883e-01
   8.1921974e-01  -3.7266475e-01
  -7.8628781e-01   4.3789438e-01
  -1.7262709e-01  -8.8328924e-01
  -8.2792986e-01   3.5289112e-01
   5.1164124e-01   7.4042099e-01
   8.9921812e-01   3.7507082e-02
   6.1170598e-01   6.6016346e-01
  -2.9929150e-01  -8.4877830e-01
   5.0680444e-01   7.4374005e-01
  -8.8031462e-01  -1.8720622e-01
   8.8724652e-01   1.5097551e-01
   7.7851846e-01   4.5156286e-01
  -3.2228980e-01   8.4031499e-01
  -8.9700356e-01  -7.3379884e-02
  -6.5469657e-02   8.9761558e-01
   8.9890965e-01   4.4288200e-02
  -8.2211413e-01   3.6623539e-01
   3.6579568e-01  -8.2230987e-01
  -6.6952241e-01  -6.0144804e-01
  -8.6183763e-01  -2.5929888e-01
  -8.9399415e-01  -1.0380007e-01
   5.3777161e-01  -7.2166591e-01
  -8.9427095e-01  -1.0138771e-01
   8.1423226e-01  -3.8343948e-01
  -5.9780302e-01  -6.7277897e-01
  -8.7177993e-01  -2.2360626e-01
             NaN             NaN
  -8.7893309e-01  -1.9358881e-01
  -6.5294002e-01   6.1941047e-01
  -8.4551585e-01   3.0838766e-01
   7.6217500e-01  -4.7863271e-01
   8.3783507e-01  -3.2868282e-01
  -4.0974942e-01  -8.0131480e-01
   2.7014313e-02   8.9959448e-01
  -3.7245878e-02   8.9922897e-01
